
i		A				B	
1		1				1
2		1,2				1,2
3		1,2,3			1,2,3
4		1,2,3,4			1,2,3,4
5		1,2,3,4,5		2,3,4,5
6		2,3,4,5,6		2,3,5,6
7		2,3,5,6,7		2,5,6,7
8		2,5,6,7,8		2,5,7,8
9		2,5,7,8,9		5,7,8,9
10		5,7,8,9,10		5,8,9,10
11		5,8,9,10,11		5,9,10,11
12		5,9,10,11		9,10,11
13		9,10,11			9,10
14		9,10			10
15		10				-



E_0_1
u		init		fin		col_G_A		u.col_G_A
0		-			0		1			0			
1		-			1					1



E_1_2
u		init		fin		col_G_A		u.col_G_A
00		0			00		11			0
01		0			01					1
10		1			10					1
11		1			11					0



E_2_3
u		init		fin		col_G_A		u.col_G_A
000		00			000		111			0
001		00			001					1
010		01			010					1
011		01			011					0
100		10			100					1
101		10			101					0
110		11			110					0
111		11			111					1


E_3_4
u		init		fin		col_G_A		u.col_G_A
0000	000			0000	1101		0
0001	000			0001				1
0010	001			0010				0
0011	001			0011				1,
0100	010			0100				1
0101	010			0101				0
0110	011			0110				1
0111	011			0111				0,
1000	100			1000				1
1001	100			1001				0
1010	101			1010				1
1011	101			1011				0,
1100	110			1100				0
1101	110			1101				1
1110	111			1110				0
1111	111			1111				1



E_4_5
u		init		fin		col_G_A		u.col_G_A
00000	0000		0000	11111		0
00001	0000		0001				1
00010	0001		0010				1
00011	0001		0011				0,
00100	0010		0100				1
00101	0010		0101				0
00110	0011		0110				0
00111	0011		0111				1,
01000	0100		1000				1
01001	0100		1001				0
01010	0101		1010				0
01011	0101		1011				1,
01100	0110		1100				0
01101	0110		1101				1
01110	0111		1110				1
01111	0111		1111				0,
10000	1000		0000				1
10001	1000		0001				0
10010	1001		0010				0
10011	1001		0011				1,
10100	1010		0100				0
10101	1010		0101				1
10110	1011		0110				1
10111	1011		0111				0,
11000	1100		1000				0
11001	1100		1001				1
11010	1101		1010				1
11011	1101		1011				0,
11100	1110		1100				1
11101	1110		1101				0
11110	1111		1110				0
11111	1111		1111				1



E_5_6
u		init		fin		col_G_A		u.col_G_A
00000	0000		0000	10101		0
00001	0000		0001				1
00010	0001		0010				0
00011	0001		0011				1,
00100	0010		0000				1
00101	0010		0001				0
00110	0011		0010				1
00111	0011		0011				0,
01000	0100		0100				0
01001	0100		0101				1
01010	0101		0110				0
01011	0101		0111				1,
01100	0110		0100				1
01101	0110		0101				0
01110	0111		0110				1
01111	0111		0111				0,
10000	1000		1000				1	
10001	1000		1001				0
10010	1001		1010				1
10011	1001		1011				0,
10100	1010		1000				0
10101	1010		1001				1
10110	1011		1010				0
10111	1011		1011				1,
11000	1100		1100				1
11001	1100		1101				0
11010	1101		1110				1
11011	1101		1111				0,
11100	1110		1100				0
11101	1110		1101				1
11110	1111		1110				0
11111	1111		1111				1



E_6_7
u		init		fin		col_G_A		u.col_G_A
00000	0000		0000	01011		0
00001	0000		0001				1
00010	0001		0010				1
00011	0001		0011				0,
00100	0010		0100				0
00101	0010		0101				1
00110	0011		0110				1
00111	0011		0111				0,
01000	0100		0000				1
01001	0100		0001				0
01010	0101		0010				0
01011	0101		0011				1,
01100	0110		0100				1
01101	0110		0101				0
01110	0111		0110				0
01111	0111		0111				1,
10000	1000		1000				0
10001	1000		1001				1
10010	1001		1010				1
10011	1001		1011				0,
10100	1010		1100				0
10101	1010		1101				1
10110	1011		1110				1
10111	1011		1111				0,
11000	1100		1000				1
11001	1100		1001				0
11010	1101		1010				0
11011	1101		1011				1,
11100	1110		1100				1
11101	1110		1101				0
11110	1111		1110				0
11111	1111		1111				1



E_7_8
u		init		fin		col_G_A		u.col_G_A
00000	0000		0000	11111		0
00001	0000		0001				1
00010	0001		0010				1
00011	0001		0011				0,
00100	0010		0000				1
00101	0010		0001				0
00110	0011		0010				0
00111	0011		0011				1,
01000	0100		0100				1
01001	0100		0101				0
01010	0101		0110				0
01011	0101		0111				1,
01100	0110		0100				0
01101	0110		0101				1
01110	0111		0110				1
01111	0111		0111				0,
10000	1000		1000				1
10001	1000		1001				0
10010	1001		1010				0
10011	1001		1011				1,
10100	1010		1000				0
10101	1010		1001				1
10110	1011		1010				1
10111	1011		1011				0,
11000	1100		1100				0
11001	1100		1101				1
11010	1101		1110				1
11011	1101		1111				0,
11100	1110		1100				1
11101	1110		1101				0
11110	1111		1110				0
11111	1111		1111				1



E_8_9
u		init		fin		col_G_A		u.col_G_A
00000	0000		0000	10111		0
00001	0000		0001				1
00010	0001		0010				1
00011	0001		0011				0,
00100	0010		0000				1
00101	0010		0001				0
00110	0011		0010				0
00111	0011		0011				1,
01000	0100		0100				0
01001	0100		0101				1
01010	0101		0110				1
01011	0101		0111				0,
01100	0110		0100				1
01101	0110		0101				0
01110	0111		0110				0
01111	0111		0111				1,
10000	1000		1000				1
10001	1000		1001				0
10010	1001		1010				0
10011	1001		1011				1,
10100	1010		1000				0
10101	1010		1001				1
10110	1011		1010				1
10111	1011		1011				0,
11000	1100		1100				1
11001	1100		1101				0
11010	1101		1110				0
11011	1101		1111				1,
11100	1110		1100				0
11101	1110		1101				1
11110	1111		1110				1
11111	1111		1111				0



E_9_10
u		init		fin		col_G_A		u.col_G_A
00000	0000		0000	01001		0
00001	0000		0001				1
00010	0001		0010				0
00011	0001		0011				1,
00100	0010		0100				0
00101	0010		0101				1
00110	0011		0110				0
00111	0011		0111				1,
01000	0100		0000				1
01001	0100		0001				0
01010	0101		0010				1
01011	0101		0011				0,
01100	0110		0100				1
01101	0110		0101				0
01110	0111		0110				1
01111	0111		0111				0,
10000	1000		1000				0
10001	1000		1001				1
10010	1001		1010				0
10011	1001		1011				1,
10100	1010		1100				0
10101	1010		1101				1
10110	1011		1110				0
10111	1011		1111				1,
11000	1100		1000				1
11001	1100		1001				0
11010	1101		1010				1
11011	1101		1011				0,
11100	1110		1100				1
11101	1110		1101				0
11110	1111		1110				1
11111	1111		1111				0



E_10_11
u		init		fin		col_G_A		u.col_G_A
00000	0000		0000	01001		0
00001	0000		0001				1
00010	0001		0010				0
00011	0001		0011				1,
00100	0010		0100				0
00101	0010		0101				1
00110	0011		0110				0
00111	0011		0111				1,
01000	0100		0000				1
01001	0100		0001				0
01010	0101		0010				1
01011	0101		0011				0,
01100	0110		0100				1
01101	0110		0101				0
01110	0111		0110				1
01111	0111		0111				0,
10000	1000		1000				1
10001	1000		1001				0
10010	1001		1010				1
10011	1001		1011				0,
10100	1010		1100				0
10101	1010		1101				1
10110	1011		1110				0
10111	1011		1111				1,
11000	1100		1000				1
11001	1100		1001				0
11010	1101		1010				1
11011	1101		1011				0,
11100	1110		1100				1
11101	1110		1101				0
11110	1111		1110				1
11111	1111		1111				0



E_11_12
u		init		fin		col_G_A		u.col_G_A
0000	0000		000		1111		0
0001	0001		001					1
0010	0010		010					1
0011	0011		011					0,
0100	0100		100					1
0101	0101		101					0
0110	0110		110					0
0111	0111		111					1,
1000	1000		000					1
1001	1001		001					0
1010	1010		010					0
1011	1011		011					1,
1100	1100		100					0
1101	1101		101					1
1110	1110		110					1
1111	1111		111					0



E_12_13
u		init		fin		col_G_A		u.col_G_A
000		000			00		001			0
001		001			00					1
010		010			01					0
011		011			01					1,
100		100			10					0	
101		101			10					1
110		110			11					0
111		111			11					1



E_13_14
u		init		fin		col_G_A		u.col_G_A
00		00			0		10			0
01		01			1					0
10		10			0					1
11		11			1					1



E_14_15
u		init		fin		col_G_A		u.col_G_A
0		0			-		1			0
1		1			-					1

